       0	        0	        0	        0	        0	        0	        0	 
  0.0002	 8.33407e+06	   920958	   920958	 2.95777e+06	   920958	   920958	 
  0.0004	 4.37957e+07	 4.98112e+06	 4.98112e+06	 1.57836e+07	 4.98112e+06	 4.98112e+06	 
  0.0006	 1.12114e+08	 1.3124e+07	 1.3124e+07	 4.10299e+07	 1.3124e+07	 1.3124e+07	 
  0.0008	 2.13799e+08	 2.57589e+07	 2.57589e+07	 7.94535e+07	 2.57589e+07	 2.57589e+07	 
   0.001	 3.4696e+08	 4.30244e+07	 4.30244e+07	 1.30935e+08	 4.30244e+07	 4.30244e+07	 
  0.0012	 5.08431e+08	 6.48903e+07	 6.48903e+07	 1.94838e+08	 6.48903e+07	 6.48903e+07	 
  0.0014	 6.94382e+08	 9.12135e+07	 9.12135e+07	 2.70213e+08	 9.12135e+07	 9.12135e+07	 
  0.0016	 9.00695e+08	 1.21773e+08	 1.21773e+08	 3.5592e+08	 1.21773e+08	 1.21773e+08	 
  0.0018	 1.1232e+09	 1.56295e+08	 1.56295e+08	 4.50713e+08	 1.56295e+08	 1.56295e+08	 
   0.002	 1.35785e+09	 1.94469e+08	 1.94469e+08	 5.53299e+08	 1.94469e+08	 1.94469e+08	 
  0.0022	 1.60078e+09	 2.35964e+08	 2.35964e+08	 6.62381e+08	 2.35964e+08	 2.35964e+08	 
  0.0024	 1.84843e+09	 2.80433e+08	 2.80433e+08	 7.76686e+08	 2.80433e+08	 2.80433e+08	 
  0.0026	 2.09753e+09	 3.27527e+08	 3.27527e+08	 8.94988e+08	 3.27527e+08	 3.27527e+08	 
  0.0028	 2.34514e+09	 3.76896e+08	 3.76896e+08	 1.01612e+09	 3.76896e+08	 3.76896e+08	 
   0.003	 2.58867e+09	 4.28195e+08	 4.28195e+08	 1.13899e+09	 4.28195e+08	 4.28195e+08	 
  0.0032	 2.82584e+09	 4.8109e+08	 4.8109e+08	 1.26257e+09	 4.8109e+08	 4.8109e+08	 
  0.0034	 3.05471e+09	 5.35255e+08	 5.35255e+08	 1.38594e+09	 5.35255e+08	 5.35255e+08	 
  0.0036	 3.27362e+09	 5.90381e+08	 5.90381e+08	 1.50824e+09	 5.90381e+08	 5.90381e+08	 
  0.0038	 3.48121e+09	 6.46171e+08	 6.46171e+08	 1.62869e+09	 6.46171e+08	 6.46171e+08	 
   0.004	 3.67638e+09	 7.02345e+08	 7.02345e+08	 1.74661e+09	 7.02345e+08	 7.02345e+08	 
  0.0042	 3.85827e+09	 7.58641e+08	 7.58641e+08	 1.86138e+09	 7.58641e+08	 7.58641e+08	 
  0.0044	 4.02625e+09	 8.14812e+08	 8.14812e+08	 1.97247e+09	 8.14812e+08	 8.14812e+08	 
  0.0046	 4.17987e+09	 8.70628e+08	 8.70628e+08	 2.07941e+09	 8.70628e+08	 8.70628e+08	 
  0.0048	 4.31887e+09	 9.25878e+08	 9.25878e+08	 2.1818e+09	 9.25878e+08	 9.25878e+08	 
   0.005	 4.44316e+09	 9.80365e+08	 9.80365e+08	 2.27931e+09	 9.80365e+08	 9.80365e+08	 
  0.0052	 4.55276e+09	 1.03391e+09	 1.03391e+09	 2.37166e+09	 1.03391e+09	 1.03391e+09	 
  0.0054	 4.64783e+09	 1.08636e+09	 1.08636e+09	 2.45864e+09	 1.08636e+09	 1.08636e+09	 
  0.0056	 4.72863e+09	 1.13755e+09	 1.13755e+09	 2.54007e+09	 1.13755e+09	 1.13755e+09	 
  0.0058	 4.7955e+09	 1.18736e+09	 1.18736e+09	 2.61585e+09	 1.18736e+09	 1.18736e+09	 
   0.006	 4.84888e+09	 1.23567e+09	 1.23567e+09	 2.68588e+09	 1.23567e+09	 1.23567e+09	 
  0.0062	 4.88925e+09	 1.28238e+09	 1.28238e+09	 2.75013e+09	 1.28238e+09	 1.28238e+09	 
  0.0064	 4.91714e+09	 1.32739e+09	 1.32739e+09	 2.8086e+09	 1.32739e+09	 1.32739e+09	 
  0.0066	 4.93312e+09	 1.37064e+09	 1.37064e+09	 2.86132e+09	 1.37064e+09	 1.37064e+09	 
  0.0068	 4.9378e+09	 1.41204e+09	 1.41204e+09	 2.90834e+09	 1.41204e+09	 1.41204e+09	 
   0.007	 4.9318e+09	 1.45155e+09	 1.45155e+09	 2.94974e+09	 1.45155e+09	 1.45155e+09	 
  0.0072	 4.91576e+09	 1.48912e+09	 1.48912e+09	 2.98563e+09	 1.48912e+09	 1.48912e+09	 
  0.0074	 4.89033e+09	 1.52472e+09	 1.52472e+09	 3.01613e+09	 1.52472e+09	 1.52472e+09	 
  0.0076	 4.85615e+09	 1.55833e+09	 1.55833e+09	 3.04139e+09	 1.55833e+09	 1.55833e+09	 
  0.0078	 4.81387e+09	 1.58991e+09	 1.58991e+09	 3.06154e+09	 1.58991e+09	 1.58991e+09	 
   0.008	 4.76411e+09	 1.61948e+09	 1.61948e+09	 3.07677e+09	 1.61948e+09	 1.61948e+09	 
  0.0082	 4.70751e+09	 1.64701e+09	 1.64701e+09	 3.08724e+09	 1.64701e+09	 1.64701e+09	 
  0.0084	 4.64466e+09	 1.67252e+09	 1.67252e+09	 3.09315e+09	 1.67252e+09	 1.67252e+09	 
  0.0086	 4.57616e+09	 1.69603e+09	 1.69603e+09	 3.09467e+09	 1.69603e+09	 1.69603e+09	 
  0.0088	 4.50258e+09	 1.71754e+09	 1.71754e+09	 3.09201e+09	 1.71754e+09	 1.71754e+09	 
   0.009	 4.42446e+09	 1.73707e+09	 1.73707e+09	 3.08537e+09	 1.73707e+09	 1.73707e+09	 
  0.0092	 4.34233e+09	 1.75466e+09	 1.75466e+09	 3.07494e+09	 1.75466e+09	 1.75466e+09	 
  0.0094	 4.25669e+09	 1.77034e+09	 1.77034e+09	 3.06092e+09	 1.77034e+09	 1.77034e+09	 
  0.0096	 4.16802e+09	 1.78413e+09	 1.78413e+09	 3.04353e+09	 1.78413e+09	 1.78413e+09	 
  0.0098	 4.07677e+09	 1.79608e+09	 1.79608e+09	 3.02295e+09	 1.79608e+09	 1.79608e+09	 
    0.01	 3.98337e+09	 1.80623e+09	 1.80623e+09	 2.99938e+09	 1.80623e+09	 1.80623e+09	 
  0.0102	 3.88822e+09	 1.81462e+09	 1.81462e+09	 2.97302e+09	 1.81462e+09	 1.81462e+09	 
  0.0104	 3.79169e+09	 1.8213e+09	 1.8213e+09	 2.94406e+09	 1.8213e+09	 1.8213e+09	 
  0.0106	 3.69414e+09	 1.82631e+09	 1.82631e+09	 2.91269e+09	 1.82631e+09	 1.82631e+09	 
  0.0108	 3.5959e+09	 1.82971e+09	 1.82971e+09	 2.87909e+09	 1.82971e+09	 1.82971e+09	 
   0.011	 3.49727e+09	 1.83154e+09	 1.83154e+09	 2.84344e+09	 1.83154e+09	 1.83154e+09	 
  0.0112	 3.39854e+09	 1.83186e+09	 1.83186e+09	 2.80591e+09	 1.83186e+09	 1.83186e+09	 
  0.0114	 3.29996e+09	 1.83072e+09	 1.83072e+09	 2.76667e+09	 1.83072e+09	 1.83072e+09	 
  0.0116	 3.20177e+09	 1.82818e+09	 1.82818e+09	 2.72587e+09	 1.82818e+09	 1.82818e+09	 
  0.0118	 3.1042e+09	 1.82428e+09	 1.82428e+09	 2.68369e+09	 1.82428e+09	 1.82428e+09	 
   0.012	 3.00744e+09	 1.81908e+09	 1.81908e+09	 2.64026e+09	 1.81908e+09	 1.81908e+09	 
  0.0122	 2.91168e+09	 1.81263e+09	 1.81263e+09	 2.59572e+09	 1.81263e+09	 1.81263e+09	 
  0.0124	 2.81707e+09	 1.805e+09	 1.805e+09	 2.55023e+09	 1.805e+09	 1.805e+09	 
  0.0126	 2.72376e+09	 1.79623e+09	 1.79623e+09	 2.5039e+09	 1.79623e+09	 1.79623e+09	 
  0.0128	 2.63188e+09	 1.78637e+09	 1.78637e+09	 2.45687e+09	 1.78637e+09	 1.78637e+09	 
   0.013	 2.54155e+09	 1.77549e+09	 1.77549e+09	 2.40925e+09	 1.77549e+09	 1.77549e+09	 
  0.0132	 2.45287e+09	 1.76363e+09	 1.76363e+09	 2.36116e+09	 1.76363e+09	 1.76363e+09	 
  0.0134	 2.36593e+09	 1.75084e+09	 1.75084e+09	 2.31269e+09	 1.75084e+09	 1.75084e+09	 
  0.0136	 2.2808e+09	 1.73718e+09	 1.73718e+09	 2.26396e+09	 1.73718e+09	 1.73718e+09	 
  0.0138	 2.19754e+09	 1.72269e+09	 1.72269e+09	 2.21506e+09	 1.72269e+09	 1.72269e+09	 
   0.014	 2.11621e+09	 1.70743e+09	 1.70743e+09	 2.16608e+09	 1.70743e+09	 1.70743e+09	 
  0.0142	 2.03685e+09	 1.69144e+09	 1.69144e+09	 2.1171e+09	 1.69144e+09	 1.69144e+09	 
  0.0144	 1.95949e+09	 1.67476e+09	 1.67476e+09	 2.0682e+09	 1.67476e+09	 1.67476e+09	 
  0.0146	 1.88416e+09	 1.65745e+09	 1.65745e+09	 2.01946e+09	 1.65745e+09	 1.65745e+09	 
  0.0148	 1.81088e+09	 1.63956e+09	 1.63956e+09	 1.97094e+09	 1.63956e+09	 1.63956e+09	 
   0.015	 1.73965e+09	 1.62111e+09	 1.62111e+09	 1.92271e+09	 1.62111e+09	 1.62111e+09	 
  0.0152	 1.67049e+09	 1.60216e+09	 1.60216e+09	 1.87482e+09	 1.60216e+09	 1.60216e+09	 
  0.0154	 1.60337e+09	 1.58274e+09	 1.58274e+09	 1.82734e+09	 1.58274e+09	 1.58274e+09	 
  0.0156	 1.53831e+09	 1.56291e+09	 1.56291e+09	 1.78031e+09	 1.56291e+09	 1.56291e+09	 
  0.0158	 1.47528e+09	 1.54268e+09	 1.54268e+09	 1.73377e+09	 1.54268e+09	 1.54268e+09	 
   0.016	 1.41427e+09	 1.52211e+09	 1.52211e+09	 1.68778e+09	 1.52211e+09	 1.52211e+09	 
  0.0162	 1.35525e+09	 1.50123e+09	 1.50123e+09	 1.64237e+09	 1.50123e+09	 1.50123e+09	 
  0.0164	 1.29819e+09	 1.48007e+09	 1.48007e+09	 1.59756e+09	 1.48007e+09	 1.48007e+09	 
  0.0166	 1.24308e+09	 1.45866e+09	 1.45866e+09	 1.55341e+09	 1.45866e+09	 1.45866e+09	 
  0.0168	 1.18988e+09	 1.43704e+09	 1.43704e+09	 1.50992e+09	 1.43704e+09	 1.43704e+09	 
   0.017	 1.13855e+09	 1.41524e+09	 1.41524e+09	 1.46713e+09	 1.41524e+09	 1.41524e+09	 
  0.0172	 1.08905e+09	 1.39329e+09	 1.39329e+09	 1.42506e+09	 1.39329e+09	 1.39329e+09	 
  0.0174	 1.04136e+09	 1.37122e+09	 1.37122e+09	 1.38373e+09	 1.37122e+09	 1.37122e+09	 
  0.0176	 9.95423e+08	 1.34905e+09	 1.34905e+09	 1.34316e+09	 1.34905e+09	 1.34905e+09	 
  0.0178	 9.51208e+08	 1.32681e+09	 1.32681e+09	 1.30335e+09	 1.32681e+09	 1.32681e+09	 
   0.018	 9.0867e+08	 1.30452e+09	 1.30452e+09	 1.26433e+09	 1.30452e+09	 1.30452e+09	 
  0.0182	 8.67766e+08	 1.28222e+09	 1.28222e+09	 1.22609e+09	 1.28222e+09	 1.28222e+09	 
  0.0184	 8.28453e+08	 1.25991e+09	 1.25991e+09	 1.18865e+09	 1.25991e+09	 1.25991e+09	 
  0.0186	 7.90688e+08	 1.23763e+09	 1.23763e+09	 1.15202e+09	 1.23763e+09	 1.23763e+09	 
  0.0188	 7.54426e+08	 1.21539e+09	 1.21539e+09	 1.11619e+09	 1.21539e+09	 1.21539e+09	 
   0.019	 7.19624e+08	 1.19321e+09	 1.19321e+09	 1.08117e+09	 1.19321e+09	 1.19321e+09	 
  0.0192	 6.86237e+08	 1.17111e+09	 1.17111e+09	 1.04695e+09	 1.17111e+09	 1.17111e+09	 
  0.0194	 6.54221e+08	 1.14911e+09	 1.14911e+09	 1.01355e+09	 1.14911e+09	 1.14911e+09	 
  0.0196	 6.23534e+08	 1.12722e+09	 1.12722e+09	 9.8095e+08	 1.12722e+09	 1.12722e+09	 
  0.0198	 5.94131e+08	 1.10547e+09	 1.10547e+09	 9.49152e+08	 1.10547e+09	 1.10547e+09	 
    0.02	 5.6597e+08	 1.08385e+09	 1.08385e+09	 9.18151e+08	 1.08385e+09	 1.08385e+09	 
  0.0202	 5.39009e+08	 1.06239e+09	 1.06239e+09	 8.8794e+08	 1.06239e+09	 1.06239e+09	 
  0.0204	 5.13207e+08	 1.04111e+09	 1.04111e+09	 8.58513e+08	 1.04111e+09	 1.04111e+09	 
  0.0206	 4.88522e+08	 1.02e+09	 1.02e+09	 8.29862e+08	 1.02e+09	 1.02e+09	 
  0.0208	 4.64916e+08	 9.99086e+08	 9.99086e+08	 8.01977e+08	 9.99086e+08	 9.99086e+08	 
   0.021	 4.42347e+08	 9.78375e+08	 9.78375e+08	 7.74851e+08	 9.78375e+08	 9.78375e+08	 
  0.0212	 4.20779e+08	 9.57876e+08	 9.57876e+08	 7.48472e+08	 9.57876e+08	 9.57876e+08	 
  0.0214	 4.00173e+08	 9.37597e+08	 9.37597e+08	 7.22831e+08	 9.37597e+08	 9.37597e+08	 
  0.0216	 3.80494e+08	 9.17548e+08	 9.17548e+08	 6.97915e+08	 9.17548e+08	 9.17548e+08	 
  0.0218	 3.61704e+08	 8.97735e+08	 8.97735e+08	 6.73714e+08	 8.97735e+08	 8.97735e+08	 
   0.022	 3.43771e+08	 8.78165e+08	 8.78165e+08	 6.50216e+08	 8.78165e+08	 8.78165e+08	 
  0.0222	 3.26658e+08	 8.58844e+08	 8.58844e+08	 6.27407e+08	 8.58844e+08	 8.58844e+08	 
  0.0224	 3.10335e+08	 8.39777e+08	 8.39777e+08	 6.05275e+08	 8.39777e+08	 8.39777e+08	 
  0.0226	 2.94769e+08	 8.20971e+08	 8.20971e+08	 5.83808e+08	 8.20971e+08	 8.20971e+08	 
  0.0228	 2.79928e+08	 8.02428e+08	 8.02428e+08	 5.62992e+08	 8.02428e+08	 8.02428e+08	 
   0.023	 2.65784e+08	 7.84153e+08	 7.84153e+08	 5.42814e+08	 7.84153e+08	 7.84153e+08	 
  0.0232	 2.52306e+08	 7.6615e+08	 7.6615e+08	 5.2326e+08	 7.6615e+08	 7.6615e+08	 
  0.0234	 2.39468e+08	 7.48421e+08	 7.48421e+08	 5.04317e+08	 7.48421e+08	 7.48421e+08	 
  0.0236	 2.27241e+08	 7.30968e+08	 7.30968e+08	 4.85971e+08	 7.30968e+08	 7.30968e+08	 
  0.0238	 2.156e+08	 7.13795e+08	 7.13795e+08	 4.68208e+08	 7.13795e+08	 7.13795e+08	 
   0.024	 2.04519e+08	 6.96902e+08	 6.96902e+08	 4.51014e+08	 6.96902e+08	 6.96902e+08	 
  0.0242	 1.93974e+08	 6.8029e+08	 6.8029e+08	 4.34377e+08	 6.8029e+08	 6.8029e+08	 
  0.0244	 1.83941e+08	 6.63961e+08	 6.63961e+08	 4.18282e+08	 6.63961e+08	 6.63961e+08	 
  0.0246	 1.74398e+08	 6.47916e+08	 6.47916e+08	 4.02716e+08	 6.47916e+08	 6.47916e+08	 
  0.0248	 1.65323e+08	 6.32153e+08	 6.32153e+08	 3.87665e+08	 6.32153e+08	 6.32153e+08	 
   0.025	 1.56694e+08	 6.16674e+08	 6.16674e+08	 3.73115e+08	 6.16674e+08	 6.16674e+08	 
  0.0252	 1.48492e+08	 6.01477e+08	 6.01477e+08	 3.59055e+08	 6.01477e+08	 6.01477e+08	 
  0.0254	 1.40697e+08	 5.86563e+08	 5.86563e+08	 3.45469e+08	 5.86563e+08	 5.86563e+08	 
  0.0256	 1.33291e+08	 5.7193e+08	 5.7193e+08	 3.32347e+08	 5.7193e+08	 5.7193e+08	 
  0.0258	 1.26255e+08	 5.57577e+08	 5.57577e+08	 3.19674e+08	 5.57577e+08	 5.57577e+08	 
   0.026	 1.19573e+08	 5.43502e+08	 5.43502e+08	 3.07438e+08	 5.43502e+08	 5.43502e+08	 
  0.0262	 1.13227e+08	 5.29704e+08	 5.29704e+08	 2.95626e+08	 5.29704e+08	 5.29704e+08	 
  0.0264	 1.07203e+08	 5.16181e+08	 5.16181e+08	 2.84227e+08	 5.16181e+08	 5.16181e+08	 
  0.0266	 1.01485e+08	 5.02932e+08	 5.02932e+08	 2.73229e+08	 5.02932e+08	 5.02932e+08	 
  0.0268	 9.6058e+07	 4.89953e+08	 4.89953e+08	 2.62619e+08	 4.89953e+08	 4.89953e+08	 
   0.027	 9.09086e+07	 4.77243e+08	 4.77243e+08	 2.52385e+08	 4.77243e+08	 4.77243e+08	 
  0.0272	 8.60236e+07	 4.64798e+08	 4.64798e+08	 2.42517e+08	 4.64798e+08	 4.64798e+08	 
  0.0274	 8.139e+07	 4.52617e+08	 4.52617e+08	 2.33004e+08	 4.52617e+08	 4.52617e+08	 
  0.0276	 7.69957e+07	 4.40697e+08	 4.40697e+08	 2.23834e+08	 4.40697e+08	 4.40697e+08	 
  0.0278	 7.28291e+07	 4.29034e+08	 4.29034e+08	 2.14996e+08	 4.29034e+08	 4.29034e+08	 
   0.028	 6.88791e+07	 4.17626e+08	 4.17626e+08	 2.06481e+08	 4.17626e+08	 4.17626e+08	 
  0.0282	 6.5135e+07	 4.06469e+08	 4.06469e+08	 1.98278e+08	 4.06469e+08	 4.06469e+08	 
  0.0284	 6.15867e+07	 3.9556e+08	 3.9556e+08	 1.90377e+08	 3.9556e+08	 3.9556e+08	 
  0.0286	 5.82245e+07	 3.84897e+08	 3.84897e+08	 1.82767e+08	 3.84897e+08	 3.84897e+08	 
  0.0288	 5.50391e+07	 3.74475e+08	 3.74475e+08	 1.75441e+08	 3.74475e+08	 3.74475e+08	 
   0.029	 5.20217e+07	 3.64292e+08	 3.64292e+08	 1.68388e+08	 3.64292e+08	 3.64292e+08	 
  0.0292	 4.91638e+07	 3.54343e+08	 3.54343e+08	 1.61599e+08	 3.54343e+08	 3.54343e+08	 
  0.0294	 4.64576e+07	 3.44625e+08	 3.44625e+08	 1.55066e+08	 3.44625e+08	 3.44625e+08	 
  0.0296	 4.38952e+07	 3.35136e+08	 3.35136e+08	 1.4878e+08	 3.35136e+08	 3.35136e+08	 
  0.0298	 4.14694e+07	 3.2587e+08	 3.2587e+08	 1.42732e+08	 3.2587e+08	 3.2587e+08	 
    0.03	 3.91732e+07	 3.16825e+08	 3.16825e+08	 1.36915e+08	 3.16825e+08	 3.16825e+08	 
  0.0302	 3.70001e+07	 3.07997e+08	 3.07997e+08	 1.3132e+08	 3.07997e+08	 3.07997e+08	 
  0.0304	 3.49437e+07	 2.99382e+08	 2.99382e+08	 1.2594e+08	 2.99382e+08	 2.99382e+08	 
  0.0306	 3.2998e+07	 2.90976e+08	 2.90976e+08	 1.20767e+08	 2.90976e+08	 2.90976e+08	 
  0.0308	 3.11573e+07	 2.82776e+08	 2.82776e+08	 1.15795e+08	 2.82776e+08	 2.82776e+08	 
   0.031	 2.94162e+07	 2.74778e+08	 2.74778e+08	 1.11015e+08	 2.74778e+08	 2.74778e+08	 
  0.0312	 2.77695e+07	 2.66979e+08	 2.66979e+08	 1.06422e+08	 2.66979e+08	 2.66979e+08	 
  0.0314	 2.62123e+07	 2.59375e+08	 2.59375e+08	 1.02008e+08	 2.59375e+08	 2.59375e+08	 
  0.0316	 2.47399e+07	 2.51961e+08	 2.51961e+08	 9.77673e+07	 2.51961e+08	 2.51961e+08	 
  0.0318	 2.33479e+07	 2.44735e+08	 2.44735e+08	 9.36936e+07	 2.44735e+08	 2.44735e+08	 
   0.032	 2.2032e+07	 2.37693e+08	 2.37693e+08	 8.97808e+07	 2.37693e+08	 2.37693e+08	 
  0.0322	 2.07883e+07	 2.3083e+08	 2.3083e+08	 8.60229e+07	 2.3083e+08	 2.3083e+08	 
  0.0324	 1.96129e+07	 2.24144e+08	 2.24144e+08	 8.24144e+07	 2.24144e+08	 2.24144e+08	 
  0.0326	 1.85021e+07	 2.17632e+08	 2.17632e+08	 7.89498e+07	 2.17632e+08	 2.17632e+08	 
  0.0328	 1.74527e+07	 2.11288e+08	 2.11288e+08	 7.56237e+07	 2.11288e+08	 2.11288e+08	 
   0.033	 1.64612e+07	 2.0511e+08	 2.0511e+08	 7.24309e+07	 2.0511e+08	 2.0511e+08	 
  0.0332	 1.55246e+07	 1.99095e+08	 1.99095e+08	 6.93666e+07	 1.99095e+08	 1.99095e+08	 
  0.0334	 1.464e+07	 1.93239e+08	 1.93239e+08	 6.64259e+07	 1.93239e+08	 1.93239e+08	 
  0.0336	 1.38046e+07	 1.87538e+08	 1.87538e+08	 6.36042e+07	 1.87538e+08	 1.87538e+08	 
  0.0338	 1.30156e+07	 1.81989e+08	 1.81989e+08	 6.0897e+07	 1.81989e+08	 1.81989e+08	 
   0.034	 1.22707e+07	 1.76588e+08	 1.76588e+08	 5.82998e+07	 1.76588e+08	 1.76588e+08	 
  0.0342	 1.15675e+07	 1.71334e+08	 1.71334e+08	 5.58086e+07	 1.71334e+08	 1.71334e+08	 
  0.0344	 1.09036e+07	 1.66221e+08	 1.66221e+08	 5.34193e+07	 1.66221e+08	 1.66221e+08	 
  0.0346	 1.02769e+07	 1.61247e+08	 1.61247e+08	 5.1128e+07	 1.61247e+08	 1.61247e+08	 
  0.0348	 9.68543e+06	 1.56409e+08	 1.56409e+08	 4.89308e+07	 1.56409e+08	 1.56409e+08	 
   0.035	 9.12725e+06	 1.51704e+08	 1.51704e+08	 4.68243e+07	 1.51704e+08	 1.51704e+08	 
  0.0352	 8.60054e+06	 1.47128e+08	 1.47128e+08	 4.48047e+07	 1.47128e+08	 1.47128e+08	 
  0.0354	 8.10358e+06	 1.42679e+08	 1.42679e+08	 4.28688e+07	 1.42679e+08	 1.42679e+08	 
  0.0356	 7.63472e+06	 1.38353e+08	 1.38353e+08	 4.10133e+07	 1.38353e+08	 1.38353e+08	 
  0.0358	 7.19242e+06	 1.34148e+08	 1.34148e+08	 3.92349e+07	 1.34148e+08	 1.34148e+08	 
   0.036	 6.77521e+06	 1.3006e+08	 1.3006e+08	 3.75308e+07	 1.3006e+08	 1.3006e+08	 
  0.0362	 6.38172e+06	 1.26088e+08	 1.26088e+08	 3.58979e+07	 1.26088e+08	 1.26088e+08	 
  0.0364	 6.01061e+06	 1.22227e+08	 1.22227e+08	 3.43334e+07	 1.22227e+08	 1.22227e+08	 
  0.0366	 5.66067e+06	 1.18476e+08	 1.18476e+08	 3.28347e+07	 1.18476e+08	 1.18476e+08	 
  0.0368	 5.33069e+06	 1.14831e+08	 1.14831e+08	 3.1399e+07	 1.14831e+08	 1.14831e+08	 
   0.037	 5.01958e+06	 1.1129e+08	 1.1129e+08	 3.00239e+07	 1.1129e+08	 1.1129e+08	 
  0.0372	 4.72629e+06	 1.0785e+08	 1.0785e+08	 2.87069e+07	 1.0785e+08	 1.0785e+08	 
  0.0374	 4.44981e+06	 1.04509e+08	 1.04509e+08	 2.74457e+07	 1.04509e+08	 1.04509e+08	 
  0.0376	 4.1892e+06	 1.01265e+08	 1.01265e+08	 2.6238e+07	 1.01265e+08	 1.01265e+08	 
  0.0378	 3.94358e+06	 9.81139e+07	 9.81139e+07	 2.50817e+07	 9.81139e+07	 9.81139e+07	 
   0.038	 3.7121e+06	 9.50544e+07	 9.50544e+07	 2.39746e+07	 9.50544e+07	 9.50544e+07	 
  0.0382	 3.49396e+06	 9.2084e+07	 9.2084e+07	 2.29149e+07	 9.2084e+07	 9.2084e+07	 
  0.0384	 3.28842e+06	 8.92003e+07	 8.92003e+07	 2.19005e+07	 8.92003e+07	 8.92003e+07	 
  0.0386	 3.09476e+06	 8.6401e+07	 8.6401e+07	 2.09295e+07	 8.6401e+07	 8.6401e+07	 
  0.0388	 2.91231e+06	 8.3684e+07	 8.3684e+07	 2.00003e+07	 8.3684e+07	 8.3684e+07	 
   0.039	 2.74043e+06	 8.1047e+07	 8.1047e+07	 1.91111e+07	 8.1047e+07	 8.1047e+07	 
  0.0392	 2.57853e+06	 7.8488e+07	 7.8488e+07	 1.82602e+07	 7.8488e+07	 7.8488e+07	 
  0.0394	 2.42603e+06	 7.60048e+07	 7.60048e+07	 1.7446e+07	 7.60048e+07	 7.60048e+07	 
  0.0396	 2.28241e+06	 7.35954e+07	 7.35954e+07	 1.66671e+07	 7.35954e+07	 7.35954e+07	 
  0.0398	 2.14715e+06	 7.12579e+07	 7.12579e+07	 1.59219e+07	 7.12579e+07	 7.12579e+07	 
    0.04	 2.01978e+06	 6.89902e+07	 6.89902e+07	 1.52091e+07	 6.89902e+07	 6.89902e+07	 
  0.0402	 1.89985e+06	 6.67906e+07	 6.67906e+07	 1.45273e+07	 6.67906e+07	 6.67906e+07	 
  0.0404	 1.78692e+06	 6.46571e+07	 6.46571e+07	 1.38752e+07	 6.46571e+07	 6.46571e+07	 
  0.0406	 1.68061e+06	 6.25878e+07	 6.25878e+07	 1.32516e+07	 6.25878e+07	 6.25878e+07	 
  0.0408	 1.58053e+06	 6.05812e+07	 6.05812e+07	 1.26552e+07	 6.05812e+07	 6.05812e+07	 
   0.041	 1.48631e+06	 5.86353e+07	 5.86353e+07	 1.2085e+07	 5.86353e+07	 5.86353e+07	 
  0.0412	 1.39763e+06	 5.67486e+07	 5.67486e+07	 1.15397e+07	 5.67486e+07	 5.67486e+07	 
  0.0414	 1.31417e+06	 5.49194e+07	 5.49194e+07	 1.10184e+07	 5.49194e+07	 5.49194e+07	 
  0.0416	 1.23561e+06	 5.3146e+07	 5.3146e+07	 1.052e+07	 5.3146e+07	 5.3146e+07	 
  0.0418	 1.16169e+06	 5.14269e+07	 5.14269e+07	 1.00436e+07	 5.14269e+07	 5.14269e+07	 
   0.042	 1.09212e+06	 4.97605e+07	 4.97605e+07	 9.58825e+06	 4.97605e+07	 4.97605e+07	 
  0.0422	 1.02666e+06	 4.81455e+07	 4.81455e+07	 9.153e+06	 4.81455e+07	 4.81455e+07	 
  0.0424	   965074	 4.65802e+07	 4.65802e+07	 8.73702e+06	 4.65802e+07	 4.65802e+07	 
  0.0426	   907130	 4.50633e+07	 4.50633e+07	 8.33947e+06	 4.50633e+07	 4.50633e+07	 
  0.0428	   852617	 4.35934e+07	 4.35934e+07	 7.95958e+06	 4.35934e+07	 4.35934e+07	 
   0.043	   801337	 4.21692e+07	 4.21692e+07	 7.59658e+06	 4.21692e+07	 4.21692e+07	 
  0.0432	   753100	 4.07893e+07	 4.07893e+07	 7.24974e+06	 4.07893e+07	 4.07893e+07	 
  0.0434	   707729	 3.94524e+07	 3.94524e+07	 6.91837e+06	 3.94524e+07	 3.94524e+07	 
  0.0436	   665056	 3.81573e+07	 3.81573e+07	 6.60179e+06	 3.81573e+07	 3.81573e+07	 
  0.0438	   624923	 3.69028e+07	 3.69028e+07	 6.29937e+06	 3.69028e+07	 3.69028e+07	 
   0.044	   587182	 3.56876e+07	 3.56876e+07	 6.01048e+06	 3.56876e+07	 3.56876e+07	 
  0.0442	   551691	 3.45107e+07	 3.45107e+07	 5.73455e+06	 3.45107e+07	 3.45107e+07	 
  0.0444	   518319	 3.33709e+07	 3.33709e+07	 5.47101e+06	 3.33709e+07	 3.33709e+07	 
  0.0446	   486941	 3.22671e+07	 3.22671e+07	 5.21931e+06	 3.22671e+07	 3.22671e+07	 
  0.0448	   457439	 3.11983e+07	 3.11983e+07	 4.97895e+06	 3.11983e+07	 3.11983e+07	 
   0.045	   429704	 3.01634e+07	 3.01634e+07	 4.74941e+06	 3.01634e+07	 3.01634e+07	 
  0.0452	   403630	 2.91613e+07	 2.91613e+07	 4.53024e+06	 2.91613e+07	 2.91613e+07	 
  0.0454	   379119	 2.81911e+07	 2.81911e+07	 4.32096e+06	 2.81911e+07	 2.81911e+07	 
  0.0456	   356080	 2.7252e+07	 2.7252e+07	 4.12116e+06	 2.7252e+07	 2.7252e+07	 
  0.0458	   334425	 2.63428e+07	 2.63428e+07	 3.9304e+06	 2.63428e+07	 2.63428e+07	 
   0.046	   314072	 2.54627e+07	 2.54627e+07	 3.7483e+06	 2.54627e+07	 2.54627e+07	 
  0.0462	   294943	 2.46109e+07	 2.46109e+07	 3.57446e+06	 2.46109e+07	 2.46109e+07	 
  0.0464	   276967	 2.37865e+07	 2.37865e+07	 3.40853e+06	 2.37865e+07	 2.37865e+07	 
  0.0466	   260074	 2.29886e+07	 2.29886e+07	 3.25014e+06	 2.29886e+07	 2.29886e+07	 
  0.0468	   244200	 2.22165e+07	 2.22165e+07	 3.09898e+06	 2.22165e+07	 2.22165e+07	 
   0.047	   229285	 2.14693e+07	 2.14693e+07	 2.95471e+06	 2.14693e+07	 2.14693e+07	 
  0.0472	   215271	 2.07463e+07	 2.07463e+07	 2.81703e+06	 2.07463e+07	 2.07463e+07	 
  0.0474	   202104	 2.00467e+07	 2.00467e+07	 2.68564e+06	 2.00467e+07	 2.00467e+07	 
  0.0476	   189735	 1.93699e+07	 1.93699e+07	 2.56027e+06	 1.93699e+07	 1.93699e+07	 
  0.0478	   178114	 1.87151e+07	 1.87151e+07	 2.44064e+06	 1.87151e+07	 1.87151e+07	 
   0.048	   167198	 1.80816e+07	 1.80816e+07	 2.3265e+06	 1.80816e+07	 1.80816e+07	 
  0.0482	   156944	 1.74689e+07	 1.74689e+07	 2.21761e+06	 1.74689e+07	 1.74689e+07	 
  0.0484	   147313	 1.68761e+07	 1.68761e+07	 2.11372e+06	 1.68761e+07	 1.68761e+07	 
  0.0486	   138266	 1.63028e+07	 1.63028e+07	 2.01461e+06	 1.63028e+07	 1.63028e+07	 
  0.0488	   129770	 1.57483e+07	 1.57483e+07	 1.92006e+06	 1.57483e+07	 1.57483e+07	 
   0.049	   121791	 1.5212e+07	 1.5212e+07	 1.82988e+06	 1.5212e+07	 1.5212e+07	 
  0.0492	   114298	 1.46934e+07	 1.46934e+07	 1.74386e+06	 1.46934e+07	 1.46934e+07	 
  0.0494	   107261	 1.41919e+07	 1.41919e+07	 1.66181e+06	 1.41919e+07	 1.41919e+07	 
  0.0496	   100653	 1.37069e+07	 1.37069e+07	 1.58356e+06	 1.37069e+07	 1.37069e+07	 
  0.0498	  94448.6	 1.32379e+07	 1.32379e+07	 1.50893e+06	 1.32379e+07	 1.32379e+07	 
    0.05	    88623	 1.27845e+07	 1.27845e+07	 1.43776e+06	 1.27845e+07	 1.27845e+07	 
  0.0502	  83153.4	 1.23461e+07	 1.23461e+07	 1.3699e+06	 1.23461e+07	 1.23461e+07	 
  0.0504	  78018.3	 1.19223e+07	 1.19223e+07	 1.30518e+06	 1.19223e+07	 1.19223e+07	 
  0.0506	  73197.4	 1.15126e+07	 1.15126e+07	 1.24348e+06	 1.15126e+07	 1.15126e+07	 
  0.0508	  68671.8	 1.11165e+07	 1.11165e+07	 1.18464e+06	 1.11165e+07	 1.11165e+07	 
   0.051	  64423.4	 1.07336e+07	 1.07336e+07	 1.12854e+06	 1.07336e+07	 1.07336e+07	 
  0.0512	  60435.6	 1.03635e+07	 1.03635e+07	 1.07506e+06	 1.03635e+07	 1.03635e+07	 
  0.0514	  56692.4	 1.00058e+07	 1.00058e+07	 1.02408e+06	 1.00058e+07	 1.00058e+07	 
  0.0516	    53179	 9.66012e+06	 9.66012e+06	   975474	 9.66012e+06	 9.66012e+06	 
  0.0518	  49881.6	 9.326e+06	 9.326e+06	   929142	 9.326e+06	 9.326e+06	 
   0.052	  46786.8	 9.00309e+06	 9.00309e+06	   884978	 9.00309e+06	 9.00309e+06	 
  0.0522	  43882.4	 8.69104e+06	 8.69104e+06	   842881	 8.69104e+06	 8.69104e+06	 
  0.0524	  41156.8	 8.3895e+06	 8.3895e+06	   802758	 8.3895e+06	 8.3895e+06	 
  0.0526	  38599.1	 8.09813e+06	 8.09813e+06	   764516	 8.09813e+06	 8.09813e+06	 
  0.0528	  36199.1	 7.8166e+06	 7.8166e+06	   728070	 7.8166e+06	 7.8166e+06	 
   0.053	    33947	 7.54458e+06	 7.54458e+06	   693337	 7.54458e+06	 7.54458e+06	 
  0.0532	  31833.9	 7.28177e+06	 7.28177e+06	   660237	 7.28177e+06	 7.28177e+06	 
  0.0534	  29851.3	 7.02786e+06	 7.02786e+06	   628695	 7.02786e+06	 7.02786e+06	 
  0.0536	  27991.2	 6.78258e+06	 6.78258e+06	   598639	 6.78258e+06	 6.78258e+06	 
  0.0538	  26246.1	 6.54562e+06	 6.54562e+06	   570000	 6.54562e+06	 6.54562e+06	 
   0.054	  24608.9	 6.31672e+06	 6.31672e+06	   542713	 6.31672e+06	 6.31672e+06	 
  0.0542	  23073.1	 6.09562e+06	 6.09562e+06	   516714	 6.09562e+06	 6.09562e+06	 
  0.0544	  21632.4	 5.88206e+06	 5.88206e+06	   491943	 5.88206e+06	 5.88206e+06	 
  0.0546	  20280.9	 5.67579e+06	 5.67579e+06	   468345	 5.67579e+06	 5.67579e+06	 
  0.0548	  19013.3	 5.47657e+06	 5.47657e+06	   445863	 5.47657e+06	 5.47657e+06	 
   0.055	  17824.3	 5.28417e+06	 5.28417e+06	   424447	 5.28417e+06	 5.28417e+06	 
  0.0552	  16709.1	 5.09835e+06	 5.09835e+06	   404045	 5.09835e+06	 5.09835e+06	 
  0.0554	  15663.1	 4.91891e+06	 4.91891e+06	   384612	 4.91891e+06	 4.91891e+06	 
  0.0556	  14682.2	 4.74563e+06	 4.74563e+06	   366102	 4.74563e+06	 4.74563e+06	 
  0.0558	  13762.2	 4.57831e+06	 4.57831e+06	   348471	 4.57831e+06	 4.57831e+06	 
   0.056	  12899.5	 4.41674e+06	 4.41674e+06	   331678	 4.41674e+06	 4.41674e+06	 
  0.0562	  12090.4	 4.26074e+06	 4.26074e+06	   315685	 4.26074e+06	 4.26074e+06	 
  0.0564	  11331.8	 4.11012e+06	 4.11012e+06	   300453	 4.11012e+06	 4.11012e+06	 
  0.0566	  10620.4	 3.9647e+06	 3.9647e+06	   285948	 3.9647e+06	 3.9647e+06	 
  0.0568	  9953.37	 3.8243e+06	 3.8243e+06	   272134	 3.8243e+06	 3.8243e+06	 
   0.057	  9327.95	 3.68877e+06	 3.68877e+06	   258979	 3.68877e+06	 3.68877e+06	 
  0.0572	  8741.55	 3.55792e+06	 3.55792e+06	   246453	 3.55792e+06	 3.55792e+06	 
  0.0574	  8191.76	 3.43161e+06	 3.43161e+06	   234525	 3.43161e+06	 3.43161e+06	 
  0.0576	  7676.32	 3.30969e+06	 3.30969e+06	   223168	 3.30969e+06	 3.30969e+06	 
  0.0578	   7193.1	 3.192e+06	 3.192e+06	   212355	 3.192e+06	 3.192e+06	 
   0.058	  6740.09	 3.07841e+06	 3.07841e+06	   202059	 3.07841e+06	 3.07841e+06	 
  0.0582	  6315.42	 2.96877e+06	 2.96877e+06	   192257	 2.96877e+06	 2.96877e+06	 
  0.0584	  5917.34	 2.86295e+06	 2.86295e+06	   182925	 2.86295e+06	 2.86295e+06	 
  0.0586	  5544.19	 2.76082e+06	 2.76082e+06	   174041	 2.76082e+06	 2.76082e+06	 
  0.0588	  5194.41	 2.66225e+06	 2.66225e+06	   165583	 2.66225e+06	 2.66225e+06	 
   0.059	  4866.56	 2.56713e+06	 2.56713e+06	   157532	 2.56713e+06	 2.56713e+06	 
  0.0592	  4559.28	 2.47534e+06	 2.47534e+06	   149868	 2.47534e+06	 2.47534e+06	 
  0.0594	  4271.27	 2.38676e+06	 2.38676e+06	   142573	 2.38676e+06	 2.38676e+06	 
  0.0596	  4001.35	 2.30129e+06	 2.30129e+06	   135629	 2.30129e+06	 2.30129e+06	 
  0.0598	  3748.37	 2.21881e+06	 2.21881e+06	   129020	 2.21881e+06	 2.21881e+06	 
    0.06	  3511.29	 2.13923e+06	 2.13923e+06	   122729	 2.13923e+06	 2.13923e+06	 
  0.0602	  3289.12	 2.06245e+06	 2.06245e+06	   116742	 2.06245e+06	 2.06245e+06	 
  0.0604	  3080.92	 1.98837e+06	 1.98837e+06	   111044	 1.98837e+06	 1.98837e+06	 
  0.0606	  2885.82	 1.9169e+06	 1.9169e+06	   105621	 1.9169e+06	 1.9169e+06	 
  0.0608	     2703	 1.84794e+06	 1.84794e+06	   100460	 1.84794e+06	 1.84794e+06	 
   0.061	  2531.69	 1.78142e+06	 1.78142e+06	  95548.9	 1.78142e+06	 1.78142e+06	 
  0.0612	  2371.18	 1.71725e+06	 1.71725e+06	  90875.3	 1.71725e+06	 1.71725e+06	 
  0.0614	  2220.78	 1.65534e+06	 1.65534e+06	  86427.9	 1.65534e+06	 1.65534e+06	 
  0.0616	  2079.87	 1.59563e+06	 1.59563e+06	  82196.1	 1.59563e+06	 1.59563e+06	 
  0.0618	  1947.85	 1.53802e+06	 1.53802e+06	  78169.4	 1.53802e+06	 1.53802e+06	 
   0.062	  1824.16	 1.48246e+06	 1.48246e+06	    74338	 1.48246e+06	 1.48246e+06	 
  0.0622	  1708.28	 1.42887e+06	 1.42887e+06	  70692.6	 1.42887e+06	 1.42887e+06	 
  0.0624	  1599.72	 1.37718e+06	 1.37718e+06	  67224.2	 1.37718e+06	 1.37718e+06	 
  0.0626	  1498.02	 1.32733e+06	 1.32733e+06	  63924.3	 1.32733e+06	 1.32733e+06	 
  0.0628	  1402.75	 1.27924e+06	 1.27924e+06	  60784.9	 1.27924e+06	 1.27924e+06	 
   0.063	   1313.5	 1.23287e+06	 1.23287e+06	  57798.1	 1.23287e+06	 1.23287e+06	 
  0.0632	   1229.9	 1.18815e+06	 1.18815e+06	  54956.8	 1.18815e+06	 1.18815e+06	 
  0.0634	   1151.6	 1.14502e+06	 1.14502e+06	  52253.8	 1.14502e+06	 1.14502e+06	 
  0.0636	  1078.25	 1.10344e+06	 1.10344e+06	  49682.5	 1.10344e+06	 1.10344e+06	 
  0.0638	  1009.55	 1.06333e+06	 1.06333e+06	  47236.6	 1.06333e+06	 1.06333e+06	 
   0.064	  945.205	 1.02466e+06	 1.02466e+06	    44910	 1.02466e+06	 1.02466e+06	 
  0.0642	  884.939	   987368	   987368	    42697	   987368	   987368	 
  0.0644	  828.495	   951412	   951412	    40592	   951412	   951412	 
  0.0646	  775.632	   916743	   916743	  38589.8	   916743	   916743	 
  0.0648	  726.125	   883316	   883316	  36685.6	   883316	   883316	 
   0.065	  679.761	   851088	   851088	  34874.5	   851088	   851088	 
  0.0652	  636.343	   820016	   820016	    33152	   820016	   820016	 
  0.0654	  595.684	   790060	   790060	  31513.8	   790060	   790060	 
  0.0656	   557.61	   761181	   761181	  29955.9	   761181	   761181	 
  0.0658	  521.958	   733340	   733340	  28474.3	   733340	   733340	 
   0.066	  488.573	   706501	   706501	  27065.4	   706501	   706501	 
  0.0662	  457.314	   680629	   680629	  25725.6	   680629	   680629	 
  0.0664	  428.044	   655689	   655689	  24451.6	   655689	   655689	 
  0.0666	  400.639	   631649	   631649	  23240.1	   631649	   631649	 
  0.0668	   374.98	   608477	   608477	  22088.2	   608477	   608477	 
   0.067	  350.957	   586141	   586141	  20992.9	   586141	   586141	 
  0.0672	  328.465	   564613	   564613	  19951.5	   564613	   564613	 
  0.0674	  307.408	   543863	   543863	  18961.3	   543863	   543863	 
  0.0676	  287.694	   523865	   523865	  18019.8	   523865	   523865	 
  0.0678	  269.239	   504591	   504591	  17124.8	   504591	   504591	 
   0.068	  251.962	   486015	   486015	  16273.8	   486015	   486015	 
  0.0682	  235.789	   468113	   468113	  15464.8	   468113	   468113	 
  0.0684	  220.649	   450861	   450861	  14695.7	   450861	   450861	 
  0.0686	  206.477	   434235	   434235	  13964.5	   434235	   434235	 
  0.0688	  193.211	   418214	   418214	  13269.4	   418214	   418214	 
   0.069	  180.794	   402775	   402775	  12608.7	   402775	   402775	 
  0.0692	  169.171	   387898	   387898	  11980.6	   387898	   387898	 
  0.0694	  158.291	   373562	   373562	  11383.6	   373562	   373562	 
  0.0696	  148.109	   359749	   359749	  10816.1	   359749	   359749	 
  0.0698	  138.579	   346440	   346440	  10276.6	   346440	   346440	 
    0.07	  129.659	   333616	   333616	  9763.89	   333616	   333616	 
  0.0702	  121.311	   321260	   321260	  9276.56	   321260	   321260	 
  0.0704	  113.498	   309356	   309356	  8813.37	   309356	   309356	 
  0.0706	  106.186	   297886	   297886	  8373.14	   297886	   297886	 
  0.0708	   99.343	   286837	   286837	  7954.73	   286837	   286837	 
   0.071	  92.9393	   276191	   276191	  7557.09	   276191	   276191	 
  0.0712	  86.9467	   265935	   265935	  7179.18	   265935	   265935	 
  0.0714	  81.3388	   256056	   256056	  6820.03	   256056	   256056	 
  0.0716	  76.0912	   246538	   246538	  6478.73	   246538	   246538	 
  0.0718	  71.1807	   237369	   237369	  6154.38	   237369	   237369	 
   0.072	  66.5858	   228537	   228537	  5846.16	   228537	   228537	 
  0.0722	  62.2863	   220030	   220030	  5553.27	   220030	   220030	 
  0.0724	  58.2634	   211835	   211835	  5274.95	   211835	   211835	 
  0.0726	  54.4992	   203941	   203941	  5010.48	   203941	   203941	 
  0.0728	  50.9772	   196338	   196338	  4759.18	   196338	   196338	 
   0.073	   47.682	   189015	   189015	  4520.41	   189015	   189015	 
  0.0732	  44.5989	   181961	   181961	  4293.53	   181961	   181961	 
  0.0734	  41.7144	   175167	   175167	  4077.96	   175167	   175167	 
  0.0736	  39.0157	   168624	   168624	  3873.14	   168624	   168624	 
  0.0738	   36.491	   162322	   162322	  3678.54	   162322	   162322	 
   0.074	   34.129	   156253	   156253	  3493.66	   156253	   156253	 
  0.0742	  31.9193	   150409	   150409	     3318	   150409	   150409	 
  0.0744	  29.8521	   144780	   144780	  3151.13	   144780	   144780	 
  0.0746	  27.9183	   139359	   139359	  2992.59	   139359	   139359	 
  0.0748	  26.1093	   134139	   134139	  2841.97	   134139	   134139	 
   0.075	  24.4171	   129112	   129112	  2698.89	   129112	   129112	 
  0.0752	  22.8341	   124271	   124271	  2562.96	   124271	   124271	 
  0.0754	  21.3534	   119609	   119609	  2433.84	   119609	   119609	 
  0.0756	  19.9684	   115121	   115121	  2311.19	   115121	   115121	 
  0.0758	  18.6729	   110799	   110799	  2194.67	   110799	   110799	 
   0.076	  17.4611	   106637	   106637	  2083.99	   106637	   106637	 
  0.0762	  16.3277	   102630	   102630	  1978.87	   102630	   102630	 
  0.0764	  15.2676	  98771.8	  98771.8	  1879.01	  98771.8	  98771.8	 
  0.0766	   14.276	  95056.9	  95056.9	  1784.16	  95056.9	  95056.9	 
  0.0768	  13.3487	  91480.2	  91480.2	  1694.07	  91480.2	  91480.2	 
   0.077	  12.4813	  88036.6	  88036.6	   1608.5	  88036.6	  88036.6	 
  0.0772	  11.6702	  84721.2	  84721.2	  1527.22	  84721.2	  84721.2	 
  0.0774	  10.9115	  81529.3	  81529.3	  1450.03	  81529.3	  81529.3	 
  0.0776	   10.202	  78456.4	  78456.4	  1376.72	  78456.4	  78456.4	 
  0.0778	  9.53851	    75498	    75498	  1307.09	    75498	    75498	 
   0.078	    8.918	  72649.9	  72649.9	  1240.97	  72649.9	  72649.9	 
  0.0782	  8.33772	  69908.2	  69908.2	  1178.17	  69908.2	  69908.2	 
  0.0784	  7.79507	  67268.8	  67268.8	  1118.53	  67268.8	  67268.8	 
  0.0786	  7.28762	    64728	    64728	  1061.89	    64728	    64728	 
  0.0788	  6.81309	  62282.2	  62282.2	   1008.1	  62282.2	  62282.2	 
   0.079	  6.36936	  59927.8	  59927.8	  957.024	  59927.8	  59927.8	 
  0.0792	  5.95443	  57661.5	  57661.5	  908.519	  57661.5	  57661.5	 
  0.0794	  5.56644	  55480.1	  55480.1	  862.459	  55480.1	  55480.1	 
  0.0796	  5.20366	  53380.3	  53380.3	  818.721	  53380.3	  53380.3	 
  0.0798	  4.86444	  51359.2	  51359.2	  777.189	  51359.2	  51359.2	 
    0.08	  4.54726	  49413.8	  49413.8	  737.752	  49413.8	  49413.8	 
  0.0802	  4.25069	  47541.3	  47541.3	  700.306	  47541.3	  47541.3	 
  0.0804	  3.97341	  45739.1	  45739.1	   664.75	  45739.1	  45739.1	 
  0.0806	  3.71416	  44004.6	  44004.6	  630.989	  44004.6	  44004.6	 
  0.0808	  3.47177	  42335.2	  42335.2	  598.934	  42335.2	  42335.2	 
   0.081	  3.24514	  40728.4	  40728.4	  568.498	  40728.4	  40728.4	 
  0.0812	  3.03327	  39182.1	  39182.1	  539.601	  39182.1	  39182.1	 
  0.0814	  2.83518	  37693.9	  37693.9	  512.165	  37693.9	  37693.9	 
  0.0816	  2.64999	  36261.7	  36261.7	  486.116	  36261.7	  36261.7	 
  0.0818	  2.47686	  34883.3	  34883.3	  461.386	  34883.3	  34883.3	 
   0.082	  2.31501	  33556.9	  33556.9	  437.907	  33556.9	  33556.9	 
  0.0822	   2.1637	  32280.4	  32280.4	  415.617	  32280.4	  32280.4	 
  0.0824	  2.02225	    31052	    31052	  394.455	    31052	    31052	 
  0.0826	  1.89002	    29870	    29870	  374.366	    29870	    29870	 
  0.0828	  1.76641	  28732.5	  28732.5	  355.294	  28732.5	  28732.5	 
   0.083	  1.65086	  27637.9	  27637.9	  337.189	  27637.9	  27637.9	 
  0.0832	  1.54285	  26584.6	  26584.6	  320.002	  26584.6	  26584.6	 
  0.0834	  1.44188	  25571.1	  25571.1	  303.686	  25571.1	  25571.1	 
  0.0836	   1.3475	  24595.9	  24595.9	  288.199	  24595.9	  24595.9	 
  0.0838	  1.25928	  23657.5	  23657.5	  273.497	  23657.5	  23657.5	 
   0.084	  1.17682	  22754.6	  22754.6	  259.542	  22754.6	  22754.6	 
  0.0842	  1.09974	  21885.9	  21885.9	  246.295	  21885.9	  21885.9	 
  0.0844	   1.0277	    21050	    21050	  233.721	    21050	    21050	 
  0.0846	 0.960363	  20245.8	  20245.8	  221.786	  20245.8	  20245.8	 
  0.0848	 0.897426	    19472	    19472	  210.457	    19472	    19472	 
   0.085	 0.838602	  18727.6	  18727.6	  199.704	  18727.6	  18727.6	 
  0.0852	 0.783622	  18011.3	  18011.3	  189.498	  18011.3	  18011.3	 
  0.0854	 0.732237	  17322.2	  17322.2	  179.811	  17322.2	  17322.2	 
  0.0856	 0.684212	  16659.2	  16659.2	  170.617	  16659.2	  16659.2	 
  0.0858	 0.639328	  16021.4	  16021.4	  161.891	  16021.4	  16021.4	 
   0.086	 0.597381	  15407.8	  15407.8	  153.609	  15407.8	  15407.8	 
  0.0862	 0.558178	  14817.6	  14817.6	  145.749	  14817.6	  14817.6	 
  0.0864	 0.521541	  14249.7	  14249.7	  138.289	  14249.7	  14249.7	 
  0.0866	 0.487302	  13703.4	  13703.4	  131.209	  13703.4	  13703.4	 
  0.0868	 0.455304	  13177.9	  13177.9	   124.49	  13177.9	  13177.9	 
   0.087	 0.425403	  12672.3	  12672.3	  118.113	  12672.3	  12672.3	 
  0.0872	 0.397459	    12186	    12186	  112.062	    12186	    12186	 
  0.0874	 0.371346	  11718.2	  11718.2	  106.319	  11718.2	  11718.2	 
  0.0876	 0.346945	  11268.2	  11268.2	  100.869	  11268.2	  11268.2	 
  0.0878	 0.324142	  10835.4	  10835.4	  95.6978	  10835.4	  10835.4	 
   0.088	 0.302835	    10419	    10419	  90.7901	    10419	    10419	 
  0.0882	 0.282924	  10018.5	  10018.5	   86.133	  10018.5	  10018.5	 
  0.0884	 0.264319	  9633.31	  9633.31	  81.7137	  9633.31	  9633.31	 
  0.0886	 0.246934	  9262.79	  9262.79	  77.5202	  9262.79	  9262.79	 
  0.0888	  0.23069	   8906.4	   8906.4	  73.5409	   8906.4	   8906.4	 
   0.089	 0.215512	  8563.62	  8563.62	   69.765	  8563.62	  8563.62	 
  0.0892	 0.201329	  8233.92	  8233.92	  66.1822	  8233.92	  8233.92	 
  0.0894	 0.188078	  7916.82	  7916.82	  62.7825	  7916.82	  7916.82	 
  0.0896	 0.175697	  7611.84	  7611.84	  59.5568	  7611.84	  7611.84	 
  0.0898	 0.164128	  7318.51	  7318.51	  56.4961	  7318.51	  7318.51	 
    0.09	  0.15332	   7036.4	   7036.4	   53.592	   7036.4	   7036.4	 
  0.0902	 0.143221	  6765.08	  6765.08	  50.8365	  6765.08	  6765.08	 
  0.0904	 0.133786	  6504.15	  6504.15	  48.2222	  6504.15	  6504.15	 
  0.0906	 0.124971	   6253.2	   6253.2	  45.7417	   6253.2	   6253.2	 
  0.0908	 0.116736	  6011.86	  6011.86	  43.3883	  6011.86	  6011.86	 
   0.091	 0.109042	  5779.76	  5779.76	  41.1555	  5779.76	  5779.76	 
  0.0912	 0.101853	  5556.56	  5556.56	  39.0371	  5556.56	  5556.56	 
  0.0914	 0.0951378	  5341.91	  5341.91	  37.0273	  5341.91	  5341.91	 
  0.0916	 0.088864	   5135.5	   5135.5	  35.1206	   5135.5	   5135.5	 
  0.0918	 0.0830029	     4937	     4937	  33.3116	     4937	     4937	 
   0.092	 0.0775274	  4746.11	  4746.11	  31.5955	  4746.11	  4746.11	 
  0.0922	 0.0724123	  4562.56	  4562.56	  29.9674	  4562.56	  4562.56	 
  0.0924	 0.0676339	  4386.05	  4386.05	  28.4228	  4386.05	  4386.05	 
  0.0926	 0.0631701	  4216.32	  4216.32	  26.9576	  4216.32	  4216.32	 
  0.0928	 0.0590002	  4053.11	  4053.11	  25.5676	  4053.11	  4053.11	 
   0.093	 0.0551049	  3896.17	  3896.17	   24.249	  3896.17	  3896.17	 
  0.0932	 0.0514662	  3745.27	  3745.27	  22.9981	  3745.27	  3745.27	 
  0.0934	 0.0480672	  3600.17	  3600.17	  21.8115	  3600.17	  3600.17	 
  0.0936	 0.0448921	  3460.65	  3460.65	  20.6859	  3460.65	  3460.65	 
  0.0938	 0.0419264	   3326.5	   3326.5	  19.6181	   3326.5	   3326.5	 
   0.094	 0.0391561	  3197.51	  3197.51	  18.6053	  3197.51	  3197.51	 
  0.0942	 0.0365684	   3073.5	   3073.5	  17.6445	   3073.5	   3073.5	 
  0.0944	 0.0341514	  2954.25	  2954.25	  16.7332	  2954.25	  2954.25	 
  0.0946	 0.0318937	  2839.61	  2839.61	  15.8688	  2839.61	  2839.61	 
  0.0948	 0.029785	  2729.38	  2729.38	  15.0488	  2729.38	  2729.38	 
   0.095	 0.0278154	   2623.4	   2623.4	  14.2711	   2623.4	   2623.4	 
  0.0952	 0.0259757	  2521.51	  2521.51	  13.5334	  2521.51	  2521.51	 
  0.0954	 0.0242575	  2423.54	  2423.54	  12.8337	  2423.54	  2423.54	 
  0.0956	 0.0226526	  2329.36	  2329.36	    12.17	  2329.36	  2329.36	 
  0.0958	 0.0211537	  2238.82	  2238.82	  11.5405	  2238.82	  2238.82	 
   0.096	 0.0197538	  2151.77	  2151.77	  10.9435	  2151.77	  2151.77	 
  0.0962	 0.0184463	  2068.08	  2068.08	  10.3772	  2068.08	  2068.08	 
  0.0964	 0.0172252	  1987.63	  1987.63	  9.84018	  1987.63	  1987.63	 
  0.0966	 0.0160847	  1910.28	  1910.28	  9.33081	  1910.28	  1910.28	 
  0.0968	 0.0150196	  1835.93	  1835.93	  8.84772	  1835.93	  1835.93	 
   0.097	 0.0140249	  1764.45	  1764.45	  8.38954	  1764.45	  1764.45	 
  0.0972	 0.0130959	  1695.73	  1695.73	  7.95501	  1695.73	  1695.73	 
  0.0974	 0.0122283	  1629.68	  1629.68	   7.5429	  1629.68	  1629.68	 
  0.0976	 0.0114181	  1566.18	  1566.18	  7.15207	  1566.18	  1566.18	 
  0.0978	 0.0106614	  1505.14	  1505.14	  6.78142	  1505.14	  1505.14	 
   0.098	 0.00995478	  1446.46	  1446.46	  6.42991	  1446.46	  1446.46	 
  0.0982	 0.0092949	  1390.06	  1390.06	  6.09656	  1390.06	  1390.06	 
  0.0984	 0.00867866	  1335.84	  1335.84	  5.78042	  1335.84	  1335.84	 
  0.0986	 0.0081032	  1283.72	  1283.72	  5.48063	  1283.72	  1283.72	 
  0.0988	 0.00756582	  1233.63	  1233.63	  5.19633	  1233.63	  1233.63	 
   0.099	 0.00706401	  1185.47	  1185.47	  4.92673	  1185.47	  1185.47	 
  0.0992	 0.00659541	  1139.19	  1139.19	  4.67106	  1139.19	  1139.19	 
  0.0994	 0.00615783	   1094.7	   1094.7	  4.42862	   1094.7	   1094.7	 
  0.0996	 0.00574923	  1051.94	  1051.94	  4.19872	  1051.94	  1051.94	 
  0.0998	 0.00536768	  1010.83	  1010.83	  3.98072	  1010.83	  1010.83	 
     0.1	 0.00501141	  971.328	  971.328	  3.77399	  971.328	  971.328	 
